filename = 'Subject04.ds';
datadir = '../rawdata';

eogchannel = 'EOG';

triggerFIC = 3;
triggerIC = 5;
triggerFC = 9;

artifact = [
  21601       22500
  130501      131400
  178201      179100
  14401       15300
  36901       37800
  122401      123300
  126901      127800
  160201      161100
  170101      171000
  189901      190800
  211501      212400
  233101      234000
  235801      236700
  ];