filename = 'Subject03.ds';
datadir = '../rawdata';

eogchannel = 'EOG';

triggerFIC = 3;
triggerIC = 5;
triggerFC = 9;

artifact = [
  901         1800
  26101       27000
  40501       41400
  41401       42300
  42301       43200
  50401       51300
  73801       74700
  81001       81900
  84601       85500
  901         1800
  7201        8100
  38701       39600
  39601       40500
  40501       41400
  41401       42300
  50401       51300
  52201       53100
  59401       60300
  74701       75600
  76501       77400
  77401       78300
  79201       80100
  81001       81900
  81901       82800
  84601       85500
  85501       86400
  99901       100800
  109801      110700
  145801      146700
  155701      156600
  160201      161100
  163801      164700
  165601      166500
  184501      185400
  207001      207900
  ];