filename = 'Subject01.ds';
datadir = '../rawdata';

eogchannel = 'EOG';

triggerFIC = 3;
triggerIC = 5;
triggerFC = 9;

artifact = [
  8101        9000
  68401       69300
  99001       99900
  108901      109800
  130501      131400
  228601      229500
  8101        9000
  49501       50400
  58501       59400
  61201       62100
  135001      135900
  135901      136800
  137701      138600
  138601      139500
  140401      141300
  146701      147600
  147601      148500
  148501      149400
  162001      162900
  169201      170100
  171001      171900
  180001      180900
  180901      181800
  199801      200700
  202501      203400
  205201      206100
  207001      207900
  222301      223200
  223201      224100
  224101      225000
  228601      229500
  ];